c CNF file in DIMACS format
p cnf 64 116
131 133 0
-131 -133 0
211 213 0
-211 -213 0
221 223 0
-221 -223 0
231 233 234 0
-231 -233 0
-231 -234 0
-233 -234 0
241 242 244 0
-241 -242 0
-241 -244 0
-242 -244 0
311 314 0
-311 -314 0
411 413 414 0
-411 -413 0
-411 -414 0
-413 -414 0
421 422 423 0
-421 -422 0
-421 -423 0
-422 -423 0
431 434 0
-431 -434 0
441 444 0
-441 -444 0
131 141 0
-131 -141 0
211 221 231 241 0
-211 -221 0
-211 -231 0
-211 -241 0
-221 -231 0
-221 -241 0
-231 -241 0
213 223 233 0
-213 -223 0
-213 -233 0
-223 -233 0
234 244 0
-234 -244 0
311 321 0
-311 -321 0
411 421 431 441 0
-411 -421 0
-411 -431 0
-411 -441 0
-421 -431 0
-421 -441 0
-431 -441 0
413 423 0
-413 -423 0
414 434 444 0
-414 -434 0
-414 -444 0
-434 -444 0
211 311 411 0
-211 -311 0
-211 -411 0
-311 -411 0
213 413 0
-213 -413 0
314 414 0
-314 -414 0
221 321 421 0
-221 -321 0
-221 -421 0
-321 -421 0
223 423 0
-223 -423 0
131 231 431 0
-131 -231 0
-131 -431 0
-231 -431 0
133 233 0
-133 -233 0
234 434 0
-234 -434 0
141 241 441 0
-141 -241 0
-141 -441 0
-241 -441 0
244 444 0
-244 -444 0
211 221 0
-211 -221 0
213 223 0
-213 -223 0
131 141 231 241 0
-131 -141 0
-131 -231 0
-131 -241 0
-141 -231 0
-141 -241 0
-231 -241 0
133 233 0
-133 -233 0
234 244 0
-234 -244 0
311 321 411 421 0
-311 -321 0
-311 -411 0
-311 -421 0
-321 -411 0
-321 -421 0
-411 -421 0
413 423 0
-413 -423 0
314 414 0
-314 -414 0
431 441 0
-431 -441 0
434 444 0
-434 -444 0
