152 0
163 0
218 0
274 0
371 0
411 0
448 0
476 0
587 0
634 0
725 0
756 0
782 0
822 0
883 0
895 0
944 0
===
153 0
162 0
174 0
215 0
231 0
441 0
457 0
485 0
522 0
556 0
645 0
724 0
772 0
873 0
896 0
918 0
947 0
===
154 0
177 0
183 0
221 0
248 0
385 0
442 0
471 0
499 0
513 0
535 0
557 0
616 0
741 0
774 0
815 0
866 0
===
158 0
176 0
183 0
221 0
247 0
384 0
442 0
471 0
499 0
513 0
534 0
556 0
615 0
741 0
772 0
814 0
865 0
===
158 0
161 0
217 0
272 0
389 0
416 0
424 0
485 0
553 0
598 0
612 0
738 0
791 0
847 0
873 0
929 0
942 0
===
146 0
164 0
175 0
218 0
443 0
474 0
496 0
511 0
538 0
557 0
612 0
724 0
745 0
773 0
852 0
888 0
981 0
===
146 0
164 0
177 0
219 0
443 0
474 0
496 0
511 0
539 0
558 0
612 0
724 0
745 0
773 0
852 0
889 0
981 0
===
146 0
169 0
177 0
194 0
213 0
288 0
341 0
415 0
447 0
476 0
518 0
532 0
758 0
785 0
826 0
859 0
921 0
===
147 0
164 0
173 0
219 0
443 0
474 0
497 0
511 0
539 0
558 0
612 0
724 0
746 0
775 0
852 0
889 0
981 0
===
147 0
164 0
176 0
219 0
443 0
474 0
497 0
511 0
539 0
558 0
612 0
724 0
746 0
775 0
852 0
889 0
981 0
===
132 0
189 0
217 0
254 0
351 0
428 0
442 0
485 0
514 0
576 0
716 0
771 0
794 0
823 0
845 0
949 0
977 0
===
121 0
147 0
259 0
284 0
443 0
472 0
491 0
558 0
577 0
619 0
741 0
762 0
776 0
818 0
839 0
885 0
914 0
===
121 0
138 0
177 0
243 0
272 0
327 0
457 0
461 0
516 0
584 0
613 0
714 0
745 0
793 0
822 0
858 0
986 0
===
122 0
144 0
177 0
216 0
259 0
371 0
421 0
445 0
494 0
558 0
563 0
627 0
713 0
739 0
788 0
841 0
918 0
===
122 0
145 0
177 0
216 0
259 0
371 0
421 0
444 0
492 0
558 0
563 0
627 0
713 0
739 0
788 0
841 0
918 0
===
123 0
151 0
244 0
276 0
317 0
392 0
425 0
431 0
446 0
542 0
567 0
683 0
758 0
775 0
781 0
812 0
974 0
===
123 0
151 0
244 0
276 0
317 0
392 0
428 0
431 0
446 0
542 0
567 0
683 0
758 0
775 0
781 0
812 0
974 0
===
124 0
141 0
166 0
282 0
344 0
421 0
445 0
476 0
552 0
587 0
613 0
712 0
737 0
753 0
871 0
899 0
918 0
===
125 0
146 0
178 0
212 0
254 0
371 0
457 0
463 0
521 0
545 0
628 0
713 0
734 0
797 0
817 0
882 0
941 0
===
129 0
132 0
143 0
258 0
271 0
411 0
437 0
454 0
586 0
595 0
618 0
726 0
745 0
762 0
814 0
877 0
949 0
===
111 0
136 0
244 0
283 0
382 0
461 0
476 0
497 0
523 0
671 0
724 0
745 0
752 0
817 0
879 0
943 0
958 0
===
111 0
136 0
157 0
192 0
243 0
274 0
312 0
375 0
487 0
496 0
528 0
544 0
724 0
773 0
785 0
856 0
861 0
===
112 0
171 0
195 0
226 0
243 0
269 0
344 0
415 0
431 0
477 0
518 0
649 0
751 0
772 0
824 0
889 0
983 0
===
113 0
125 0
152 0
276 0
291 0
319 0
446 0
461 0
474 0
515 0
524 0
647 0
736 0
744 0
858 0
885 0
983 0
===
113 0
127 0
159 0
288 0
291 0
322 0
431 0
446 0
484 0
512 0
557 0
573 0
715 0
772 0
841 0
864 0
948 0
===
115 0
186 0
254 0
361 0
437 0
442 0
473 0
545 0
588 0
621 0
719 0
746 0
762 0
855 0
871 0
894 0
978 0
===
115 0
157 0
172 0
223 0
244 0
421 0
434 0
443 0
552 0
578 0
636 0
675 0
718 0
762 0
846 0
884 0
981 0
===
115 0
157 0
176 0
194 0
221 0
377 0
441 0
468 0
489 0
516 0
523 0
643 0
714 0
756 0
838 0
881 0
942 0
===
115 0
124 0
159 0
288 0
291 0
322 0
431 0
447 0
483 0
516 0
555 0
572 0
714 0
779 0
841 0
863 0
948 0
===
116 0
158 0
172 0
223 0
244 0
421 0
434 0
443 0
555 0
576 0
637 0
679 0
719 0
762 0
847 0
884 0
981 0
===
116 0
142 0
168 0
177 0
243 0
384 0
411 0
493 0
549 0
572 0
615 0
624 0
723 0
732 0
855 0
881 0
954 0
===
116 0
135 0
191 0
248 0
263 0
274 0
424 0
473 0
487 0
515 0
551 0
688 0
723 0
747 0
855 0
896 0
912 0
===
116 0
123 0
155 0
289 0
291 0
322 0
431 0
447 0
484 0
512 0
558 0
573 0
715 0
772 0
841 0
864 0
949 0
===
117 0
142 0
154 0
213 0
231 0
287 0
422 0
445 0
459 0
583 0
591 0
646 0
725 0
772 0
818 0
863 0
975 0
===
